root1: 0.18343464
root2: 0.52553241
root3: 0.79666648
root4: 0.96028986